Per-class test metrics for mbv3_320_deep
macro_f1: 0.444762
weighted_f1: 0.74271

class | precision | recall | f1    | tp   | fp  | fn  | support
------+-----------+--------+-------+------+-----+-----+--------
    H |     0.769 |  0.828 | 0.798 | 1256 | 377 | 260 |    1516
    R |     0.717 |  0.865 | 0.784 |  827 | 327 | 129 |     956
   Te |     0.526 |  0.784 | 0.630 |   91 |  82 |  25 |     116
 CpuM |     0.417 |  0.455 | 0.435 |   20 |  28 |  24 |      44
  M3i |     0.508 |  0.714 | 0.594 |   30 |  29 |  12 |      42
  M3f |     0.425 |  0.472 | 0.447 |   17 |  23 |  19 |      36
   Di |     0.273 |  0.170 | 0.209 |    9 |  24 |  44 |      53
    C |     0.164 |  0.180 | 0.172 |   11 |  56 |  50 |      61
   Rr |     0.600 |  0.333 | 0.429 |    6 |   4 |  12 |      18
    P |     0.200 |  0.182 | 0.190 |    2 |   8 |   9 |      11
   Im |     0.250 |  0.333 | 0.286 |    1 |   3 |   2 |       3
   Dc |     0.667 |  0.250 | 0.364 |    2 |   1 |   6 |       8
