Per-class test metrics for mbv3_320_full
macro_f1: 0.50565
weighted_f1: 0.77069

class | precision | recall | f1    | tp   | fp  | fn  | support
------+-----------+--------+-------+------+-----+-----+--------
    H |     0.767 |  0.869 | 0.815 | 1317 | 399 | 199 |    1516
    R |     0.805 |  0.850 | 0.827 |  813 | 197 | 143 |     956
   Te |     0.597 |  0.716 | 0.651 |   83 |  56 |  33 |     116
 CpuM |     0.478 |  0.500 | 0.489 |   22 |  24 |  22 |      44
  M3i |     0.531 |  0.810 | 0.642 |   34 |  30 |   8 |      42
  M3f |     0.560 |  0.389 | 0.459 |   14 |  11 |  22 |      36
   Di |     0.382 |  0.245 | 0.299 |   13 |  21 |  40 |      53
    C |     0.162 |  0.098 | 0.122 |    6 |  31 |  55 |      61
   Rr |     0.467 |  0.389 | 0.424 |    7 |   8 |  11 |      18
    P |     0.500 |  0.455 | 0.476 |    5 |   5 |   6 |      11
   Im |     0.400 |  0.667 | 0.500 |    2 |   3 |   1 |       3
   Dc |     0.667 |  0.250 | 0.364 |    2 |   1 |   6 |       8
