Per-class test metrics for mbv3_large_full
macro_f1: 0.508714
weighted_f1: 0.756634

class | precision | recall | f1    | tp   | fp  | fn  | support
------+-----------+--------+-------+------+-----+-----+--------
    H |     0.737 |  0.883 | 0.803 | 1338 | 478 | 178 |    1516
    R |     0.725 |  0.882 | 0.796 |  843 | 319 | 113 |     956
   Te |     0.560 |  0.767 | 0.647 |   89 |  70 |  27 |     116
 CpuM |     0.500 |  0.432 | 0.463 |   19 |  19 |  25 |      44
  M3i |     0.464 |  0.762 | 0.577 |   32 |  37 |  10 |      42
  M3f |     0.605 |  0.639 | 0.622 |   23 |  15 |  13 |      36
   Di |     0.517 |  0.283 | 0.366 |   15 |  14 |  38 |      53
    C |     0.139 |  0.164 | 0.150 |   10 |  62 |  51 |      61
   Rr |     0.400 |  0.333 | 0.364 |    6 |   9 |  12 |      18
    P |     0.700 |  0.636 | 0.667 |    7 |   3 |   4 |      11
   Im |     0.200 |  0.333 | 0.250 |    1 |   4 |   2 |       3
   Dc |     1.000 |  0.250 | 0.400 |    2 |   0 |   6 |       8
