Per-class test metrics for mbv3_320_shallow
macro_f1: 0.409385
weighted_f1: 0.629115

class | precision | recall | f1    | tp   | fp  | fn  | support
------+-----------+--------+-------+------+-----+-----+--------
    H |     0.592 |  0.761 | 0.666 | 1154 | 795 | 362 |    1516
    R |     0.599 |  0.773 | 0.675 |  739 | 494 | 217 |     956
   Te |     0.481 |  0.552 | 0.514 |   64 |  69 |  52 |     116
 CpuM |     0.455 |  0.455 | 0.455 |   20 |  24 |  24 |      44
  M3i |     0.459 |  0.667 | 0.544 |   28 |  33 |  14 |      42
  M3f |     0.486 |  0.472 | 0.479 |   17 |  18 |  19 |      36
   Di |     0.280 |  0.132 | 0.179 |    7 |  18 |  46 |      53
    C |     0.108 |  0.066 | 0.082 |    4 |  33 |  57 |      61
   Rr |     0.400 |  0.222 | 0.286 |    4 |   6 |  14 |      18
    P |     0.333 |  0.273 | 0.300 |    3 |   6 |   8 |      11
   Im |     0.286 |  0.667 | 0.400 |    2 |   5 |   1 |       3
   Dc |     0.500 |  0.250 | 0.333 |    2 |   2 |   6 |       8
