Per-class test metrics for mbv3_large_deep
macro_f1: 0.447019
weighted_f1: 0.745775

class | precision | recall | f1    | tp   | fp  | fn  | support
------+-----------+--------+-------+------+-----+-----+--------
    H |     0.772 |  0.858 | 0.813 | 1301 | 385 | 215 |    1516
    R |     0.672 |  0.886 | 0.764 |  847 | 414 | 109 |     956
   Te |     0.521 |  0.741 | 0.612 |   86 |  79 |  30 |     116
 CpuM |     0.386 |  0.500 | 0.436 |   22 |  35 |  22 |      44
  M3i |     0.569 |  0.881 | 0.692 |   37 |  28 |   5 |      42
  M3f |     0.545 |  0.500 | 0.522 |   18 |  15 |  18 |      36
   Di |     0.361 |  0.245 | 0.292 |   13 |  23 |  40 |      53
    C |     0.200 |  0.082 | 0.116 |    5 |  20 |  56 |      61
   Rr |     0.385 |  0.278 | 0.323 |    5 |   8 |  13 |      18
    P |     0.400 |  0.182 | 0.250 |    2 |   3 |   9 |      11
   Im |     0.000 |  0.000 | 0.000 |    0 |   0 |   3 |       3
   Dc |     1.000 |  0.375 | 0.545 |    3 |   0 |   5 |       8
