Per-class test metrics for mbv3_large_shallow
macro_f1: 0.395763
weighted_f1: 0.601941

class | precision | recall | f1    | tp   | fp  | fn  | support
------+-----------+--------+-------+------+-----+-----+--------
    H |     0.546 |  0.766 | 0.638 | 1162 | 967 | 354 |    1516
    R |     0.557 |  0.727 | 0.631 |  695 | 552 | 261 |     956
   Te |     0.566 |  0.483 | 0.521 |   56 |  43 |  60 |     116
 CpuM |     0.371 |  0.295 | 0.329 |   13 |  22 |  31 |      44
  M3i |     0.585 |  0.738 | 0.653 |   31 |  22 |  11 |      42
  M3f |     0.531 |  0.472 | 0.500 |   17 |  15 |  19 |      36
   Di |     0.478 |  0.208 | 0.289 |   11 |  12 |  42 |      53
    C |     0.162 |  0.098 | 0.122 |    6 |  31 |  55 |      61
   Rr |     0.500 |  0.167 | 0.250 |    3 |   3 |  15 |      18
    P |     0.667 |  0.182 | 0.286 |    2 |   1 |   9 |      11
   Im |     0.111 |  0.333 | 0.167 |    1 |   8 |   2 |       3
   Dc |     0.667 |  0.250 | 0.364 |    2 |   1 |   6 |       8
