gt\pred    | background | 11 | 12 | 13 | 14 | 15 | 16 | 17 | 18 | 21 | 22 | 23 | 24 | 25 | 26 | 27 | 28 | 31 | 32 | 33 | 34 | 35 | 36 | 37 | 38 | 41 | 42 | 43  | 44 | 45 | 46 | 47 | 48
-----------+------------+----+----+----+----+----+----+----+----+----+----+----+----+----+----+----+----+----+----+----+----+----+----+----+----+----+----+-----+----+----+----+----+---
background |          0 | 14 | 29 | 20 | 14 | 19 | 25 | 41 | 21 | 12 | 32 | 13 |  7 | 14 | 34 | 35 | 34 | 17 | 39 | 43 | 58 | 32 | 15 | 24 | 29 | 38 | 64 |  61 | 70 | 19 | 16 | 15 | 14
        11 |         25 | 62 |  2 |  0 |  0 |  0 |  0 |  0 |  0 |  0 |  0 |  0 |  0 |  0 |  0 |  0 |  0 |  0 |  0 |  0 |  0 |  0 |  0 |  0 |  0 |  0 |  0 |   0 |  0 |  0 |  0 |  0 |  0
        12 |         21 |  3 | 72 |  0 |  0 |  0 |  0 |  0 |  0 |  0 |  0 |  0 |  0 |  0 |  0 |  0 |  0 |  0 |  0 |  0 |  0 |  0 |  0 |  0 |  0 |  0 |  0 |   0 |  0 |  0 |  0 |  0 |  0
        13 |         51 |  0 |  5 | 48 |  3 |  0 |  0 |  0 |  0 |  0 |  0 |  0 |  0 |  0 |  0 |  0 |  0 |  0 |  0 |  0 |  0 |  0 |  0 |  0 |  0 |  0 |  0 |   0 |  0 |  0 |  0 |  0 |  0
        14 |         10 |  0 |  0 |  2 | 70 |  2 |  0 |  0 |  0 |  0 |  0 |  0 |  0 |  0 |  0 |  0 |  0 |  0 |  0 |  0 |  0 |  0 |  0 |  0 |  0 |  0 |  0 |   0 |  0 |  0 |  0 |  0 |  0
        15 |         43 |  0 |  0 |  0 |  4 | 38 |  1 |  0 |  0 |  0 |  0 |  0 |  0 |  0 |  0 |  0 |  0 |  0 |  0 |  0 |  0 |  0 |  0 |  0 |  0 |  0 |  0 |   0 |  0 |  0 |  0 |  0 |  0
        16 |          5 |  0 |  0 |  0 |  0 |  1 | 73 |  4 |  0 |  0 |  0 |  0 |  0 |  0 |  0 |  0 |  0 |  0 |  0 |  0 |  0 |  0 |  0 |  0 |  0 |  0 |  0 |   0 |  0 |  0 |  0 |  0 |  0
        17 |         12 |  0 |  0 |  0 |  0 |  0 | 12 | 47 | 10 |  0 |  0 |  0 |  0 |  0 |  0 |  0 |  0 |  0 |  0 |  0 |  0 |  0 |  0 |  0 |  0 |  0 |  0 |   0 |  0 |  0 |  0 |  0 |  0
        18 |          6 |  0 |  0 |  0 |  0 |  0 |  2 |  4 | 44 |  0 |  0 |  0 |  0 |  0 |  0 |  0 |  0 |  0 |  0 |  0 |  0 |  0 |  0 |  0 |  0 |  0 |  0 |   0 |  0 |  0 |  0 |  0 |  1
        21 |         89 |  0 |  0 |  0 |  0 |  0 |  0 |  0 |  0 | 10 |  0 |  0 |  0 |  0 |  0 |  0 |  0 |  0 |  0 |  0 |  0 |  0 |  0 |  0 |  0 |  0 |  0 |   0 |  0 |  0 |  0 |  0 |  0
        22 |         28 |  0 |  3 |  0 |  0 |  0 |  0 |  0 |  0 |  0 | 67 |  0 |  0 |  0 |  0 |  0 |  0 |  0 |  0 |  0 |  0 |  0 |  0 |  0 |  0 |  0 |  0 |   0 |  0 |  0 |  0 |  0 |  0
        23 |         43 |  0 |  0 |  0 |  0 |  0 |  0 |  0 |  0 |  0 |  7 | 52 |  0 |  0 |  0 |  0 |  0 |  0 |  0 |  0 |  0 |  0 |  0 |  0 |  0 |  0 |  0 |   0 |  0 |  0 |  0 |  0 |  0
        24 |         53 |  0 |  0 |  0 |  0 |  0 |  0 |  0 |  0 |  0 |  0 |  1 | 29 |  2 |  0 |  0 |  0 |  0 |  0 |  0 |  0 |  0 |  0 |  0 |  0 |  0 |  0 |   0 |  0 |  0 |  0 |  0 |  0
        25 |         38 |  0 |  0 |  0 |  0 |  0 |  0 |  0 |  0 |  0 |  0 |  0 |  4 | 46 |  6 |  0 |  0 |  0 |  0 |  0 |  0 |  0 |  0 |  0 |  0 |  0 |  0 |   0 |  0 |  0 |  0 |  0 |  0
        26 |          6 |  0 |  0 |  0 |  0 |  0 |  0 |  0 |  0 |  0 |  0 |  0 |  1 |  0 | 66 |  3 |  0 |  0 |  0 |  0 |  0 |  0 |  0 |  0 |  0 |  0 |  0 |   0 |  0 |  0 |  0 |  0 |  0
        27 |         11 |  0 |  0 |  0 |  0 |  0 |  0 |  0 |  0 |  0 |  0 |  0 |  0 |  1 |  7 | 67 |  2 |  0 |  0 |  0 |  0 |  0 |  0 |  0 |  0 |  0 |  0 |   0 |  0 |  0 |  0 |  0 |  0
        28 |         12 |  0 |  0 |  0 |  0 |  0 |  0 |  0 |  0 |  0 |  0 |  0 |  0 |  0 |  2 |  7 | 30 |  0 |  0 |  0 |  0 |  0 |  0 |  0 |  0 |  0 |  0 |   0 |  0 |  0 |  0 |  0 |  0
        31 |         83 |  0 |  0 |  0 |  0 |  0 |  0 |  0 |  0 |  0 |  0 |  0 |  0 |  0 |  0 |  0 |  0 | 26 |  1 |  0 |  0 |  0 |  0 |  0 |  0 |  1 |  0 |   0 |  0 |  0 |  0 |  0 |  0
        32 |         32 |  0 |  0 |  0 |  0 |  0 |  0 |  0 |  0 |  0 |  0 |  0 |  0 |  0 |  0 |  0 |  0 |  2 | 76 |  2 |  0 |  0 |  0 |  0 |  0 |  0 |  0 |   0 |  0 |  0 |  0 |  0 |  0
        33 |         33 |  0 |  0 |  0 |  0 |  0 |  0 |  0 |  0 |  0 |  0 |  0 |  0 |  0 |  0 |  0 |  0 |  1 |  2 | 79 |  2 |  0 |  0 |  0 |  0 |  0 |  0 |   0 |  0 |  0 |  0 |  0 |  0
        34 |         15 |  0 |  0 |  0 |  0 |  0 |  0 |  0 |  0 |  0 |  0 |  0 |  0 |  0 |  0 |  0 |  0 |  0 |  0 |  2 | 86 |  0 |  0 |  0 |  0 |  0 |  0 |   0 |  0 |  0 |  0 |  0 |  0
        35 |          4 |  0 |  0 |  0 |  0 |  0 |  0 |  0 |  0 |  0 |  0 |  0 |  0 |  0 |  0 |  0 |  0 |  0 |  0 |  0 |  5 | 87 |  2 |  0 |  0 |  0 |  0 |   0 |  0 |  0 |  0 |  0 |  0
        36 |          0 |  0 |  0 |  0 |  0 |  0 |  0 |  0 |  0 |  0 |  0 |  0 |  0 |  0 |  0 |  0 |  0 |  0 |  0 |  0 |  0 |  2 | 58 |  2 |  0 |  0 |  0 |   0 |  0 |  0 |  0 |  0 |  0
        37 |          0 |  0 |  0 |  0 |  0 |  0 |  0 |  0 |  0 |  0 |  0 |  0 |  0 |  0 |  0 |  0 |  0 |  0 |  0 |  0 |  0 |  1 |  5 | 66 |  3 |  0 |  0 |   0 |  0 |  0 |  0 |  0 |  0
        38 |          1 |  0 |  0 |  0 |  0 |  0 |  0 |  0 |  0 |  0 |  0 |  0 |  0 |  0 |  0 |  0 |  0 |  0 |  0 |  0 |  0 |  0 |  1 | 15 | 54 |  0 |  0 |   0 |  0 |  0 |  0 |  0 |  0
        41 |         35 |  0 |  0 |  0 |  0 |  0 |  0 |  0 |  0 |  0 |  0 |  0 |  0 |  0 |  0 |  0 |  0 |  0 |  0 |  0 |  0 |  0 |  0 |  0 |  0 | 74 |  1 |   0 |  0 |  0 |  0 |  0 |  0
        42 |         44 |  0 |  0 |  0 |  0 |  0 |  0 |  0 |  0 |  0 |  0 |  0 |  0 |  0 |  0 |  0 |  0 |  0 |  0 |  0 |  0 |  0 |  0 |  0 |  0 |  5 | 59 |   1 |  0 |  0 |  0 |  0 |  0
        43 |         16 |  0 |  0 |  0 |  0 |  0 |  0 |  0 |  0 |  0 |  0 |  0 |  0 |  0 |  0 |  0 |  0 |  0 |  0 |  0 |  0 |  0 |  0 |  0 |  0 |  0 |  0 | 100 |  0 |  0 |  0 |  0 |  0
        44 |          9 |  0 |  0 |  0 |  0 |  0 |  0 |  0 |  0 |  0 |  0 |  0 |  0 |  0 |  0 |  0 |  0 |  0 |  0 |  0 |  0 |  0 |  0 |  0 |  0 |  0 |  0 |  12 | 77 |  1 |  0 |  0 |  0
        45 |         16 |  0 |  0 |  0 |  0 |  0 |  0 |  0 |  0 |  0 |  0 |  0 |  0 |  0 |  0 |  0 |  0 |  0 |  0 |  0 |  0 |  0 |  0 |  0 |  0 |  0 |  0 |   0 | 14 | 70 |  3 |  0 |  0
        46 |          2 |  0 |  0 |  0 |  0 |  0 |  0 |  0 |  0 |  0 |  0 |  0 |  0 |  0 |  0 |  0 |  0 |  0 |  0 |  0 |  0 |  0 |  0 |  0 |  0 |  0 |  0 |   0 |  0 |  0 | 62 |  2 |  0
        47 |          3 |  0 |  0 |  0 |  0 |  0 |  0 |  0 |  0 |  0 |  0 |  0 |  0 |  0 |  0 |  0 |  0 |  0 |  0 |  0 |  0 |  0 |  0 |  0 |  0 |  0 |  0 |   0 |  0 |  1 |  4 | 71 |  0
        48 |          3 |  0 |  0 |  0 |  0 |  0 |  0 |  0 |  0 |  0 |  0 |  0 |  0 |  0 |  0 |  0 |  0 |  0 |  0 |  0 |  0 |  0 |  0 |  0 |  0 |  0 |  0 |   0 |  0 |  0 |  0 | 17 | 37
