gt\pred    | background | 11  | 12 | 13  | 14 | 15 | 16 | 17 | 18 | 21 | 22 | 23 | 24 | 25 | 26 | 27 | 28 | 31  | 32  | 33  | 34  | 35 | 36 | 37 | 38 | 41  | 42  | 43  | 44 | 45 | 46 | 47 | 48
-----------+------------+-----+----+-----+----+----+----+----+----+----+----+----+----+----+----+----+----+-----+-----+-----+-----+----+----+----+----+-----+-----+-----+----+----+----+----+---
background |          0 | 126 |  9 |  21 | 24 | 15 |  8 | 26 | 17 |  3 |  7 |  6 | 21 | 29 | 16 | 29 | 16 |  21 |   4 |  10 |  14 | 10 |  4 | 23 | 24 |  31 |  14 |   6 | 11 | 17 |  7 | 26 | 27
        11 |          0 |  88 |  1 |   0 |  0 |  0 |  0 |  0 |  0 |  0 |  0 |  0 |  0 |  0 |  0 |  0 |  0 |   0 |   0 |   0 |   0 |  0 |  0 |  0 |  0 |   0 |   0 |   0 |  0 |  0 |  0 |  0 |  0
        12 |          0 |   2 | 89 |   3 |  1 |  0 |  0 |  0 |  0 |  0 |  0 |  0 |  0 |  0 |  0 |  1 |  0 |   0 |   0 |   0 |   0 |  0 |  0 |  0 |  0 |   0 |   0 |   0 |  0 |  0 |  0 |  0 |  0
        13 |          1 |   0 |  1 | 103 |  1 |  1 |  0 |  0 |  0 |  0 |  0 |  0 |  0 |  0 |  0 |  0 |  0 |   0 |   0 |   0 |   0 |  0 |  0 |  0 |  0 |   0 |   0 |   0 |  0 |  0 |  0 |  0 |  0
        14 |          1 |   0 |  0 |   3 | 79 |  1 |  0 |  0 |  0 |  0 |  0 |  0 |  0 |  0 |  0 |  0 |  0 |   0 |   0 |   0 |   0 |  0 |  0 |  0 |  0 |   0 |   0 |   0 |  0 |  0 |  0 |  0 |  0
        15 |          0 |   0 |  0 |   0 |  5 | 80 |  1 |  0 |  0 |  0 |  0 |  0 |  0 |  0 |  0 |  0 |  0 |   0 |   0 |   0 |   0 |  0 |  0 |  0 |  0 |   0 |   0 |   0 |  0 |  0 |  0 |  0 |  0
        16 |          1 |   0 |  0 |   0 |  1 |  1 | 77 |  3 |  0 |  0 |  0 |  0 |  0 |  0 |  0 |  0 |  0 |   0 |   0 |   0 |   0 |  0 |  0 |  0 |  0 |   0 |   0 |   0 |  0 |  0 |  0 |  0 |  0
        17 |          1 |   0 |  0 |   0 |  0 |  0 |  1 | 71 |  7 |  0 |  0 |  0 |  0 |  0 |  0 |  1 |  0 |   0 |   0 |   0 |   0 |  0 |  0 |  0 |  0 |   0 |   0 |   0 |  0 |  0 |  0 |  0 |  0
        18 |          1 |   0 |  0 |   0 |  0 |  0 |  1 |  6 | 45 |  0 |  0 |  0 |  0 |  0 |  0 |  1 |  2 |   0 |   0 |   0 |   0 |  0 |  0 |  0 |  0 |   0 |   0 |   0 |  0 |  0 |  0 |  0 |  1
        21 |          2 |   0 |  0 |   0 |  0 |  0 |  0 |  0 |  1 | 96 |  0 |  0 |  0 |  0 |  0 |  0 |  0 |   0 |   0 |   0 |   0 |  0 |  0 |  0 |  0 |   0 |   0 |   0 |  0 |  0 |  0 |  0 |  0
        22 |          0 |   0 |  2 |   0 |  1 |  1 |  0 |  0 |  0 |  0 | 91 |  2 |  0 |  0 |  0 |  0 |  1 |   0 |   0 |   0 |   0 |  0 |  0 |  0 |  0 |   0 |   0 |   0 |  0 |  0 |  0 |  0 |  0
        23 |          0 |   0 |  0 |   0 |  0 |  1 |  0 |  0 |  0 |  0 |  1 | 99 |  1 |  0 |  0 |  0 |  0 |   0 |   0 |   0 |   0 |  0 |  0 |  0 |  0 |   0 |   0 |   0 |  0 |  0 |  0 |  0 |  0
        24 |          2 |   0 |  0 |   0 |  0 |  0 |  0 |  0 |  0 |  0 |  0 |  0 | 82 |  1 |  0 |  0 |  0 |   0 |   0 |   0 |   0 |  0 |  0 |  0 |  0 |   0 |   0 |   0 |  0 |  0 |  0 |  0 |  0
        25 |          1 |   0 |  0 |   0 |  0 |  0 |  0 |  0 |  0 |  0 |  0 |  0 |  5 | 86 |  2 |  0 |  0 |   0 |   0 |   0 |   0 |  0 |  0 |  0 |  0 |   0 |   0 |   0 |  0 |  0 |  0 |  0 |  0
        26 |          1 |   0 |  0 |   0 |  0 |  0 |  0 |  0 |  0 |  0 |  0 |  0 |  0 |  1 | 66 |  8 |  0 |   0 |   0 |   0 |   0 |  0 |  0 |  0 |  0 |   0 |   0 |   0 |  0 |  0 |  0 |  0 |  0
        27 |          1 |   0 |  0 |   0 |  0 |  0 |  0 |  1 |  0 |  0 |  0 |  0 |  0 |  3 |  2 | 80 |  1 |   0 |   0 |   0 |   0 |  0 |  0 |  0 |  0 |   0 |   0 |   0 |  0 |  0 |  0 |  0 |  0
        28 |          1 |   0 |  0 |   0 |  1 |  0 |  0 |  0 |  0 |  0 |  0 |  0 |  0 |  0 |  1 |  4 | 44 |   0 |   0 |   0 |   0 |  0 |  0 |  0 |  0 |   0 |   0 |   0 |  0 |  0 |  0 |  0 |  0
        31 |          1 |   0 |  0 |   0 |  0 |  0 |  0 |  0 |  0 |  0 |  0 |  0 |  0 |  0 |  0 |  0 |  0 | 105 |   1 |   1 |   0 |  0 |  0 |  0 |  0 |   3 |   0 |   0 |  0 |  0 |  0 |  0 |  0
        32 |          0 |   0 |  0 |   0 |  0 |  0 |  0 |  0 |  0 |  0 |  0 |  0 |  0 |  0 |  0 |  0 |  0 |   3 | 107 |   1 |   1 |  0 |  0 |  0 |  0 |   0 |   0 |   0 |  0 |  0 |  0 |  0 |  0
        33 |          0 |   0 |  0 |   0 |  0 |  0 |  0 |  0 |  0 |  0 |  0 |  0 |  0 |  0 |  0 |  0 |  0 |   0 |   3 | 112 |   2 |  0 |  0 |  0 |  0 |   0 |   0 |   0 |  0 |  0 |  0 |  0 |  0
        34 |          0 |   0 |  0 |   0 |  0 |  0 |  0 |  0 |  0 |  0 |  0 |  0 |  0 |  0 |  0 |  0 |  0 |   0 |   0 |   1 | 102 |  0 |  0 |  0 |  0 |   0 |   0 |   0 |  0 |  0 |  0 |  0 |  0
        35 |          1 |   0 |  0 |   0 |  0 |  0 |  0 |  0 |  0 |  0 |  0 |  0 |  0 |  0 |  0 |  0 |  0 |   0 |   0 |   0 |   3 | 94 |  0 |  0 |  0 |   0 |   0 |   0 |  0 |  0 |  0 |  0 |  0
        36 |          0 |   0 |  0 |   0 |  0 |  0 |  0 |  0 |  0 |  0 |  0 |  0 |  0 |  0 |  0 |  0 |  0 |   0 |   0 |   0 |   0 |  2 | 58 |  2 |  0 |   0 |   0 |   0 |  0 |  0 |  0 |  0 |  0
        37 |          0 |   0 |  0 |   0 |  0 |  0 |  0 |  0 |  0 |  0 |  0 |  0 |  0 |  0 |  0 |  0 |  0 |   0 |   0 |   0 |   0 |  1 |  3 | 61 | 10 |   0 |   0 |   0 |  0 |  0 |  0 |  0 |  0
        38 |          1 |   0 |  0 |   0 |  0 |  0 |  0 |  0 |  0 |  0 |  0 |  0 |  0 |  0 |  0 |  0 |  0 |   0 |   0 |   0 |   0 |  0 |  1 |  3 | 66 |   0 |   0 |   0 |  0 |  0 |  0 |  0 |  0
        41 |          0 |   0 |  0 |   0 |  0 |  0 |  0 |  0 |  0 |  0 |  0 |  0 |  0 |  0 |  0 |  0 |  0 |   1 |   0 |   0 |   0 |  0 |  0 |  0 |  0 | 108 |   1 |   0 |  0 |  0 |  0 |  0 |  0
        42 |          0 |   0 |  0 |   0 |  0 |  0 |  0 |  0 |  0 |  0 |  0 |  0 |  0 |  0 |  0 |  0 |  0 |   0 |   0 |   0 |   0 |  0 |  0 |  0 |  0 |   2 | 106 |   1 |  0 |  0 |  0 |  0 |  0
        43 |          0 |   0 |  0 |   0 |  0 |  0 |  0 |  0 |  0 |  0 |  0 |  0 |  0 |  0 |  0 |  0 |  0 |   0 |   0 |   0 |   0 |  0 |  0 |  0 |  0 |   0 |   1 | 114 |  1 |  0 |  0 |  0 |  0
        44 |          0 |   0 |  0 |   0 |  0 |  0 |  0 |  0 |  0 |  0 |  0 |  0 |  0 |  0 |  0 |  0 |  0 |   0 |   0 |   0 |   0 |  0 |  0 |  0 |  0 |   0 |   0 |   0 | 99 |  0 |  0 |  0 |  0
        45 |          0 |   0 |  0 |   0 |  0 |  0 |  0 |  0 |  0 |  0 |  0 |  0 |  0 |  0 |  0 |  0 |  0 |   0 |   0 |   0 |   0 |  0 |  0 |  0 |  0 |   0 |   0 |   0 |  7 | 96 |  0 |  0 |  0
        46 |          0 |   0 |  0 |   0 |  0 |  0 |  0 |  0 |  0 |  0 |  0 |  0 |  0 |  0 |  0 |  0 |  0 |   0 |   0 |   0 |   0 |  0 |  0 |  0 |  0 |   0 |   0 |   0 |  0 |  1 | 62 |  3 |  0
        47 |          1 |   0 |  0 |   0 |  0 |  0 |  0 |  0 |  0 |  0 |  0 |  0 |  0 |  0 |  0 |  0 |  0 |   0 |   0 |   0 |   0 |  0 |  0 |  0 |  0 |   0 |   0 |   0 |  0 |  1 |  2 | 71 |  4
        48 |          1 |   0 |  0 |   0 |  0 |  0 |  0 |  0 |  0 |  0 |  0 |  0 |  0 |  0 |  0 |  0 |  0 |   0 |   0 |   0 |   0 |  0 |  0 |  0 |  0 |   0 |   0 |   1 |  0 |  0 |  0 |  9 | 46
