gt\pred    | background | 11 | 12 | 13 | 14 | 15 | 16 | 17 | 18 | 21 | 22 | 23 | 24 | 25 | 26 | 27 | 28 | 31 | 32 | 33 | 34 | 35 | 36 | 37 | 38 | 41 | 42 | 43  | 44 | 45 | 46 | 47 | 48
-----------+------------+----+----+----+----+----+----+----+----+----+----+----+----+----+----+----+----+----+----+----+----+----+----+----+----+----+----+-----+----+----+----+----+---
background |          0 |  0 | 37 | 27 | 36 | 20 | 59 | 51 | 52 |  0 | 46 | 22 | 17 | 46 | 88 | 68 | 68 |  0 | 44 | 48 | 94 | 68 | 14 | 32 | 30 | 59 | 43 | 104 | 88 | 32 | 33 | 19 | 18
        11 |         75 | 10 |  4 |  0 |  0 |  0 |  0 |  0 |  0 |  0 |  0 |  0 |  0 |  0 |  0 |  0 |  0 |  0 |  0 |  0 |  0 |  0 |  0 |  0 |  0 |  0 |  0 |   0 |  0 |  0 |  0 |  0 |  0
        12 |         28 |  0 | 68 |  0 |  0 |  0 |  0 |  0 |  0 |  0 |  0 |  0 |  0 |  0 |  0 |  0 |  0 |  0 |  0 |  0 |  0 |  0 |  0 |  0 |  0 |  0 |  0 |   0 |  0 |  0 |  0 |  0 |  0
        13 |         70 |  0 |  7 | 28 |  2 |  0 |  0 |  0 |  0 |  0 |  0 |  0 |  0 |  0 |  0 |  0 |  0 |  0 |  0 |  0 |  0 |  0 |  0 |  0 |  0 |  0 |  0 |   0 |  0 |  0 |  0 |  0 |  0
        14 |         21 |  0 |  1 |  1 | 59 |  2 |  0 |  0 |  0 |  0 |  0 |  0 |  0 |  0 |  0 |  0 |  0 |  0 |  0 |  0 |  0 |  0 |  0 |  0 |  0 |  0 |  0 |   0 |  0 |  0 |  0 |  0 |  0
        15 |         36 |  0 |  0 |  0 |  7 | 42 |  1 |  0 |  0 |  0 |  0 |  0 |  0 |  0 |  0 |  0 |  0 |  0 |  0 |  0 |  0 |  0 |  0 |  0 |  0 |  0 |  0 |   0 |  0 |  0 |  0 |  0 |  0
        16 |         21 |  0 |  0 |  0 |  0 |  1 | 55 |  6 |  0 |  0 |  0 |  0 |  0 |  0 |  0 |  0 |  0 |  0 |  0 |  0 |  0 |  0 |  0 |  0 |  0 |  0 |  0 |   0 |  0 |  0 |  0 |  0 |  0
        17 |         13 |  0 |  0 |  0 |  0 |  0 | 10 | 50 |  8 |  0 |  0 |  0 |  0 |  0 |  0 |  0 |  0 |  0 |  0 |  0 |  0 |  0 |  0 |  0 |  0 |  0 |  0 |   0 |  0 |  0 |  0 |  0 |  0
        18 |         11 |  0 |  0 |  0 |  0 |  0 |  1 |  5 | 39 |  0 |  0 |  0 |  0 |  0 |  0 |  0 |  0 |  0 |  0 |  0 |  0 |  0 |  0 |  0 |  0 |  0 |  0 |   0 |  0 |  0 |  0 |  0 |  1
        21 |         97 |  0 |  0 |  0 |  0 |  0 |  0 |  0 |  0 |  1 |  1 |  0 |  0 |  0 |  0 |  0 |  0 |  0 |  0 |  0 |  0 |  0 |  0 |  0 |  0 |  0 |  0 |   0 |  0 |  0 |  0 |  0 |  0
        22 |         34 |  0 |  2 |  0 |  0 |  0 |  0 |  0 |  0 |  0 | 62 |  0 |  0 |  0 |  0 |  0 |  0 |  0 |  0 |  0 |  0 |  0 |  0 |  0 |  0 |  0 |  0 |   0 |  0 |  0 |  0 |  0 |  0
        23 |         51 |  0 |  0 |  0 |  0 |  0 |  0 |  0 |  0 |  0 | 11 | 39 |  1 |  0 |  0 |  0 |  0 |  0 |  0 |  0 |  0 |  0 |  0 |  0 |  0 |  0 |  0 |   0 |  0 |  0 |  0 |  0 |  0
        24 |         48 |  0 |  0 |  0 |  0 |  0 |  0 |  0 |  0 |  0 |  0 |  4 | 30 |  2 |  1 |  0 |  0 |  0 |  0 |  0 |  0 |  0 |  0 |  0 |  0 |  0 |  0 |   0 |  0 |  0 |  0 |  0 |  0
        25 |         42 |  0 |  0 |  0 |  0 |  0 |  0 |  0 |  0 |  0 |  0 |  2 |  8 | 37 |  4 |  1 |  0 |  0 |  0 |  0 |  0 |  0 |  0 |  0 |  0 |  0 |  0 |   0 |  0 |  0 |  0 |  0 |  0
        26 |         20 |  0 |  0 |  0 |  0 |  0 |  0 |  0 |  0 |  0 |  0 |  0 |  0 |  2 | 47 |  7 |  0 |  0 |  0 |  0 |  0 |  0 |  0 |  0 |  0 |  0 |  0 |   0 |  0 |  0 |  0 |  0 |  0
        27 |         22 |  0 |  0 |  0 |  0 |  0 |  0 |  0 |  0 |  0 |  0 |  0 |  0 |  1 |  3 | 59 |  3 |  0 |  0 |  0 |  0 |  0 |  0 |  0 |  0 |  0 |  0 |   0 |  0 |  0 |  0 |  0 |  0
        28 |         15 |  0 |  0 |  0 |  0 |  0 |  0 |  0 |  0 |  0 |  0 |  0 |  0 |  0 |  1 |  7 | 28 |  0 |  0 |  0 |  0 |  0 |  0 |  0 |  0 |  0 |  0 |   0 |  0 |  0 |  0 |  0 |  0
        31 |        105 |  0 |  0 |  0 |  0 |  0 |  0 |  0 |  0 |  0 |  0 |  0 |  0 |  0 |  0 |  0 |  0 |  0 |  2 |  0 |  0 |  0 |  0 |  0 |  0 |  4 |  0 |   0 |  0 |  0 |  0 |  0 |  0
        32 |         47 |  0 |  0 |  0 |  0 |  0 |  0 |  0 |  0 |  0 |  0 |  0 |  0 |  0 |  0 |  0 |  0 |  0 | 63 |  2 |  0 |  0 |  0 |  0 |  0 |  0 |  0 |   0 |  0 |  0 |  0 |  0 |  0
        33 |         58 |  0 |  0 |  0 |  0 |  0 |  0 |  0 |  0 |  0 |  0 |  0 |  0 |  0 |  0 |  0 |  0 |  0 |  3 | 50 |  6 |  0 |  0 |  0 |  0 |  0 |  0 |   0 |  0 |  0 |  0 |  0 |  0
        34 |         21 |  0 |  0 |  0 |  0 |  0 |  0 |  0 |  0 |  0 |  0 |  0 |  0 |  0 |  0 |  0 |  0 |  0 |  0 |  3 | 76 |  3 |  0 |  0 |  0 |  0 |  0 |   0 |  0 |  0 |  0 |  0 |  0
        35 |         17 |  0 |  0 |  0 |  0 |  0 |  0 |  0 |  0 |  0 |  0 |  0 |  0 |  0 |  0 |  0 |  0 |  0 |  0 |  0 | 13 | 67 |  1 |  0 |  0 |  0 |  0 |   0 |  0 |  0 |  0 |  0 |  0
        36 |          2 |  0 |  0 |  0 |  0 |  0 |  0 |  0 |  0 |  0 |  0 |  0 |  0 |  0 |  0 |  0 |  0 |  0 |  0 |  0 |  1 |  4 | 48 |  7 |  0 |  0 |  0 |   0 |  0 |  0 |  0 |  0 |  0
        37 |          3 |  0 |  0 |  0 |  0 |  0 |  0 |  0 |  0 |  0 |  0 |  0 |  0 |  0 |  0 |  0 |  0 |  0 |  0 |  0 |  0 |  0 |  3 | 68 |  1 |  0 |  0 |   0 |  0 |  0 |  0 |  0 |  0
        38 |          5 |  0 |  0 |  0 |  0 |  0 |  0 |  0 |  0 |  0 |  0 |  0 |  0 |  0 |  0 |  0 |  0 |  0 |  0 |  0 |  0 |  0 |  1 | 16 | 49 |  0 |  0 |   0 |  0 |  0 |  0 |  0 |  0
        41 |         34 |  0 |  0 |  0 |  0 |  0 |  0 |  0 |  0 |  0 |  0 |  0 |  0 |  0 |  0 |  0 |  0 |  0 |  0 |  0 |  0 |  0 |  0 |  0 |  0 | 73 |  3 |   0 |  0 |  0 |  0 |  0 |  0
        42 |         70 |  0 |  0 |  0 |  0 |  0 |  0 |  0 |  0 |  0 |  0 |  0 |  0 |  0 |  0 |  0 |  0 |  0 |  0 |  0 |  0 |  0 |  0 |  0 |  0 |  6 | 28 |   5 |  0 |  0 |  0 |  0 |  0
        43 |         27 |  0 |  0 |  0 |  0 |  0 |  0 |  0 |  0 |  0 |  0 |  0 |  0 |  0 |  0 |  0 |  0 |  0 |  0 |  0 |  0 |  0 |  0 |  0 |  0 |  0 |  6 |  79 |  4 |  0 |  0 |  0 |  0
        44 |         21 |  0 |  0 |  0 |  0 |  0 |  0 |  0 |  0 |  0 |  0 |  0 |  0 |  0 |  0 |  0 |  0 |  0 |  0 |  0 |  0 |  0 |  0 |  0 |  0 |  0 |  0 |  16 | 60 |  2 |  0 |  0 |  0
        45 |         27 |  0 |  0 |  0 |  0 |  0 |  0 |  0 |  0 |  0 |  0 |  0 |  0 |  0 |  0 |  0 |  0 |  0 |  0 |  0 |  0 |  0 |  0 |  0 |  0 |  0 |  0 |   1 | 16 | 55 |  4 |  0 |  0
        46 |          2 |  0 |  0 |  0 |  0 |  0 |  0 |  0 |  0 |  0 |  0 |  0 |  0 |  0 |  0 |  0 |  0 |  0 |  0 |  0 |  0 |  0 |  0 |  0 |  0 |  0 |  0 |   0 |  0 |  3 | 59 |  2 |  0
        47 |          5 |  0 |  0 |  0 |  0 |  0 |  0 |  0 |  0 |  0 |  0 |  0 |  0 |  0 |  0 |  0 |  0 |  0 |  0 |  0 |  0 |  0 |  0 |  0 |  0 |  0 |  0 |   0 |  0 |  1 |  5 | 66 |  2
        48 |          8 |  0 |  0 |  0 |  0 |  0 |  0 |  0 |  0 |  0 |  0 |  0 |  0 |  0 |  0 |  0 |  0 |  0 |  0 |  0 |  0 |  0 |  0 |  0 |  0 |  0 |  0 |   0 |  0 |  0 |  0 | 17 | 32
